# n=20 D4 fixed-decimal configuration; each decimal literal is exact
01 0.0639722331186652 0.0639722331186652
02 0.9360277668813348 0.0639722331186652
03 0.0639722331186652 0.9360277668813348
04 0.9360277668813348 0.9360277668813348
05 0.0714636614261572 0.2805475524847453
06 0.9285363385738428 0.2805475524847453
07 0.0714636614261572 0.7194524475152547
08 0.9285363385738428 0.7194524475152547
09 0.2805475524847453 0.0714636614261572
10 0.7194524475152547 0.0714636614261572
11 0.2805475524847453 0.9285363385738428
12 0.7194524475152547 0.9285363385738428
13 0.3636174817407996 0.3636174817407996
14 0.6363825182592004 0.3636174817407996
15 0.3636174817407996 0.6363825182592004
16 0.6363825182592004 0.6363825182592004
17 0.5000000000000000 0.0745457349610708
18 0.5000000000000000 0.9254542650389292
19 0.0745457349610708 0.5000000000000000
20 0.9254542650389292 0.5000000000000000
