# n=25 fixed decimal light coordinates
# target lower bound: 228.9185
# previous certified lower bound: 225.1002
01 0.0619145723671528 0.3964915495675268
02 0.9380854276328472 0.3964915495675268
03 0.0619145723671528 0.6035084504324732
04 0.9380854276328472 0.6035084504324732
05 0.0657167815576798 0.0458246841451889
06 0.9342832184423202 0.0458246841451889
07 0.0657167815576798 0.9541753158548111
08 0.9342832184423202 0.9541753158548111
09 0.0822208306227462 0.2133185204303162
10 0.9177791693772538 0.2133185204303162
11 0.0822208306227462 0.7866814795696838
12 0.9177791693772538 0.7866814795696838
13 0.2797692898628314 0.0352573756198788
14 0.7202307101371686 0.0352573756198788
15 0.2797692898628314 0.9647426243801212
16 0.7202307101371686 0.9647426243801212
17 0.3605132449138650 0.2663438495440321
18 0.6394867550861350 0.2663438495440321
19 0.3605132449138650 0.7336561504559679
20 0.6394867550861350 0.7336561504559679
21 0.5000000000000000 0.0456959747165592
22 0.5000000000000000 0.9543040252834408
23 0.2327853116620228 0.5000000000000000
24 0.7672146883379772 0.5000000000000000
25 0.5000000000000000 0.5000000000000000
