# n=32 D2 configuration; certified target 304.2807
01 0.0615384106300554 0.3214185573998207
02 0.9384615893699446 0.3214185573998207
03 0.0615384106300554 0.6785814426001793
04 0.9384615893699446 0.6785814426001793
05 0.0695269788679164 0.0173252408935179
06 0.9304730211320836 0.0173252408935179
07 0.0695269788679164 0.9826747591064821
08 0.9304730211320836 0.9826747591064821
09 0.0619373427883695 0.1583502459288013
10 0.9380626572116305 0.1583502459288013
11 0.0619373427883695 0.8416497540711987
12 0.9380626572116305 0.8416497540711987
13 0.2701651679295603 0.0265797070785370
14 0.7298348320704397 0.0265797070785370
15 0.2701651679295603 0.9734202929214630
16 0.7298348320704397 0.9734202929214630
17 0.2826779603611844 0.2436272356205443
18 0.7173220396388156 0.2436272356205443
19 0.2826779603611844 0.7563727643794557
20 0.7173220396388156 0.7563727643794557
21 0.5000000000000000 0.0413844739673119
22 0.5000000000000000 0.9586155260326881
23 0.5000000000000000 0.0463844732424567
24 0.5000000000000000 0.9536155267575433
25 0.5000000000000000 0.2838639615701241
26 0.5000000000000000 0.7161360384298759
27 0.0444632967835220 0.5000000000000000
28 0.9555367032164780 0.5000000000000000
29 0.2230085854577521 0.5000000000000000
30 0.7769914145422479 0.5000000000000000
31 0.3754761604920223 0.5000000000000000
32 0.6245238395079777 0.5000000000000000
