P01 Friedman light five-generic-orbit rollback candidate — n=41 fixed-decimal coordinates

Every decimal below is interpreted literally as an exact rational number.

01  0.0460105000000000  0.2951420000000000
02  0.9539895000000000  0.2951420000000000
03  0.0460105000000000  0.7048580000000000
04  0.9539895000000000  0.7048580000000000
05  0.0653540400000000  0.0108041900000000
06  0.9346459600000000  0.0108041900000000
07  0.0653540400000000  0.9891958100000000
08  0.9346459600000000  0.9891958100000000
09  0.0570292200000000  0.1374240900000000
10  0.9429707800000000  0.1374240900000000
11  0.0570292200000000  0.8625759100000000
12  0.9429707800000000  0.8625759100000000
13  0.2543427800000000  0.0175114300000000
14  0.7456572200000000  0.0175114300000000
15  0.2543427800000000  0.9824885700000000
16  0.7456572200000000  0.9824885700000000
17  0.2536519900000000  0.2203486400000000
18  0.7463480100000000  0.2203486400000000
19  0.2536519900000000  0.7796513600000000
20  0.7463480100000000  0.7796513600000000
21  0.5000000000000000  0.0240094600000000
22  0.5000000000000000  0.9759905400000000
23  0.5000000000000000  0.0250092600000000
24  0.5000000000000000  0.9749907400000000
25  0.5000000000000000  0.0260097400000000
26  0.5000000000000000  0.9739902600000000
27  0.5000000000000000  0.2034573400000000
28  0.5000000000000000  0.7965426600000000
29  0.5000000000000000  0.2797855200000000
30  0.5000000000000000  0.7202144800000000
31  0.0480960600000000  0.5000000000000000
32  0.9519039400000000  0.5000000000000000
33  0.0491926900000000  0.5000000000000000
34  0.9508073100000000  0.5000000000000000
35  0.2139642500000000  0.5000000000000000
36  0.7860357500000000  0.5000000000000000
37  0.2924091300000000  0.5000000000000000
38  0.7075908700000000  0.5000000000000000
39  0.2934094200000000  0.5000000000000000
40  0.7065905800000000  0.5000000000000000
41  0.5000000000000000  0.5000000000000000

Certified target: min_[0,1]^2 F >= 373.6041
No global-optimality, comprehensive-novelty, acceptance, or official-record claim.
