# n=35 five-generic-orbit D2 configuration; certified target 329.7089
01 0.0516180248656286 0.3182228140943871
02 0.9483819751343714 0.3182228140943871
03 0.0516180248656286 0.6817771859056129
04 0.9483819751343714 0.6817771859056129
05 0.0658352807906230 0.0196124458656741
06 0.9341647192093770 0.0196124458656741
07 0.0658352807906230 0.9803875541343259
08 0.9341647192093770 0.9803875541343259
09 0.0605525024434637 0.1562657689001290
10 0.9394474975565363 0.1562657689001290
11 0.0605525024434637 0.8437342310998710
12 0.9394474975565363 0.8437342310998710
13 0.2571641050505694 0.0299742934832447
14 0.7428358949494306 0.0299742934832447
15 0.2571641050505694 0.9700257065167553
16 0.7428358949494306 0.9700257065167553
17 0.2694314481936069 0.2487303730965849
18 0.7305685518063931 0.2487303730965849
19 0.2694314481936069 0.7512696269034151
20 0.7305685518063931 0.7512696269034151
21 0.5000000000000000 0.0424489313531645
22 0.5000000000000000 0.9575510686468355
23 0.5000000000000000 0.0474489313531671
24 0.5000000000000000 0.9525510686468329
25 0.5000000000000000 0.0524489313531618
26 0.5000000000000000 0.9475510686468382
27 0.5000000000000000 0.2964373518905710
28 0.5000000000000000 0.7035626481094290
29 0.0325651083269727 0.5000000000000000
30 0.9674348916730273 0.5000000000000000
31 0.2170971319211533 0.5000000000000000
32 0.7829028680788467 0.5000000000000000
33 0.3126132087728588 0.5000000000000000
34 0.6873867912271412 0.5000000000000000
35 0.5000000000000000 0.5000000000000000
