P01 Friedman light five-generic-orbit improved candidate — n=40 fixed-decimal coordinates

Every decimal below is interpreted literally as an exact rational number.

01  0.0456220003500649  0.2980725967758190
02  0.9543779996499351  0.2980725967758190
03  0.0456220003500649  0.7019274032241810
04  0.9543779996499351  0.7019274032241810
05  0.0642991693063612  0.0155177223937175
06  0.9357008306936388  0.0155177223937175
07  0.0642991693063612  0.9844822776062825
08  0.9357008306936388  0.9844822776062825
09  0.0610446134401197  0.1423436776016093
10  0.9389553865598803  0.1423436776016093
11  0.0610446134401197  0.8576563223983907
12  0.9389553865598803  0.8576563223983907
13  0.2518290203867718  0.0223380059381988
14  0.7481709796132282  0.0223380059381988
15  0.2518290203867718  0.9776619940618012
16  0.7481709796132282  0.9776619940618012
17  0.2571086000271732  0.2335717190044145
18  0.7428913999728268  0.2335717190044145
19  0.2571086000271732  0.7664282809955855
20  0.7428913999728268  0.7664282809955855
21  0.5000000000000000  0.0264171050528195
22  0.5000000000000000  0.9735828949471805
23  0.5000000000000000  0.0269163842194592
24  0.5000000000000000  0.9730836157805408
25  0.5000000000000000  0.0274162141023930
26  0.5000000000000000  0.9725837858976070
27  0.5000000000000000  0.1443533315862328
28  0.5000000000000000  0.8556466684137672
29  0.5000000000000000  0.3099748016333556
30  0.5000000000000000  0.6900251983666444
31  0.0551734857847801  0.5000000000000000
32  0.9448265142152199  0.5000000000000000
33  0.0567264384788312  0.5000000000000000
34  0.9432735615211688  0.5000000000000000
35  0.2062109330111482  0.5000000000000000
36  0.7937890669888518  0.5000000000000000
37  0.3326782382582542  0.5000000000000000
38  0.6673217617417458  0.5000000000000000
39  0.3341420740444352  0.5000000000000000
40  0.6658579259555648  0.5000000000000000

Certified target: min_[0,1]^2 F >= 368.2623
No global-optimality, comprehensive-novelty, acceptance, or official-record claim.
