# n=24 fixed decimal light coordinates
# target lower bound: 219.1522
# previous certified lower bound: 215.5737
01 0.0767908070837396 0.4077884833006420
02 0.9232091929162604 0.4077884833006420
03 0.0767908070837396 0.5922115166993580
04 0.9232091929162604 0.5922115166993580
05 0.0674280248839974 0.0459057360917760
06 0.9325719751160026 0.0459057360917760
07 0.0674280248839974 0.9540942639082240
08 0.9325719751160026 0.9540942639082240
09 0.0747571447352108 0.2242179334301474
10 0.9252428552647892 0.2242179334301474
11 0.0747571447352108 0.7757820665698526
12 0.9252428552647892 0.7757820665698526
13 0.2818669177955046 0.0447378233907583
14 0.7181330822044954 0.0447378233907583
15 0.2818669177955046 0.9552621766092417
16 0.7181330822044954 0.9552621766092417
17 0.3574741459347846 0.2829799069315845
18 0.6425258540652154 0.2829799069315845
19 0.3574741459347846 0.7170200930684155
20 0.6425258540652154 0.7170200930684155
21 0.5000000000000000 0.0523929922192511
22 0.5000000000000000 0.9476070077807489
23 0.3633512688938105 0.5000000000000000
24 0.6366487311061895 0.5000000000000000
