P01 Friedman light five-generic-orbit improved candidate — n=39 fixed-decimal coordinates

Every decimal below is interpreted literally as an exact rational number.

01  0.0465372410509131  0.3044624635356324
02  0.9534627589490869  0.3044624635356324
03  0.0465372410509131  0.6955375364643676
04  0.9534627589490869  0.6955375364643676
05  0.0639364368147451  0.0182413563984466
06  0.9360635631852549  0.0182413563984466
07  0.0639364368147451  0.9817586436015534
08  0.9360635631852549  0.9817586436015534
09  0.0615924328000267  0.1476588886673490
10  0.9384075671999733  0.1476588886673490
11  0.0615924328000267  0.8523411113326510
12  0.9384075671999733  0.8523411113326510
13  0.2516594184109309  0.0240083824194401
14  0.7483405815890691  0.0240083824194401
15  0.2516594184109309  0.9759916175805599
16  0.7483405815890691  0.9759916175805599
17  0.2579382839022888  0.2398810813728752
18  0.7420617160977112  0.2398810813728752
19  0.2579382839022888  0.7601189186271248
20  0.7420617160977112  0.7601189186271248
21  0.5000000000000000  0.0283667963309505
22  0.5000000000000000  0.9716332036690495
23  0.5000000000000000  0.0290383819755858
24  0.5000000000000000  0.9709616180244142
25  0.5000000000000000  0.0307795900867337
26  0.5000000000000000  0.9692204099132663
27  0.5000000000000000  0.1579076620960186
28  0.5000000000000000  0.8420923379039814
29  0.5000000000000000  0.3221095263973006
30  0.5000000000000000  0.6778904736026994
31  0.0517350385782046  0.5000000000000000
32  0.9482649614217954  0.5000000000000000
33  0.0796534988513965  0.5000000000000000
34  0.9203465011486035  0.5000000000000000
35  0.2787479032957782  0.5000000000000000
36  0.7212520967042218  0.5000000000000000
37  0.2818641499402945  0.5000000000000000
38  0.7181358500597055  0.5000000000000000
39  0.5000000000000000  0.5000000000000000

Certified target: min_[0,1]^2 F >= 360.2833
No global-optimality, comprehensive-novelty, acceptance, or official-record claim.
