# n=18; each displayed decimal is exact
01 0.0925415033290291 0.0364699237144913
02 0.9074584966709709 0.0364699237144913
03 0.0925415033290291 0.9635300762855087
04 0.9074584966709709 0.9635300762855087
05 0.3633047184811564 0.0450920475312607
06 0.6366952815188436 0.0450920475312607
07 0.3633047184811564 0.9549079524687393
08 0.6366952815188436 0.9549079524687393
09 0.0678398619547126 0.2534009011862120
10 0.9321601380452874 0.2534009011862120
11 0.0678398619547126 0.7465990988137880
12 0.9321601380452874 0.7465990988137880
13 0.3682169298761830 0.3381773062273398
14 0.6317830701238170 0.3381773062273398
15 0.3682169298761830 0.6618226937726602
16 0.6317830701238170 0.6618226937726602
17 0.0757865919857292 0.5000000000000000
18 0.9242134080142708 0.5000000000000000
