# n=36 D2 configuration; certified target 338.8858
01 0.0510905726054658 0.3160017970007036
02 0.9489094273945342 0.3160017970007036
03 0.0510905726054658 0.6839982029992964
04 0.9489094273945342 0.6839982029992964
05 0.0646309700388639 0.0208842588594468
06 0.9353690299611361 0.0208842588594468
07 0.0646309700388639 0.9791157411405532
08 0.9353690299611361 0.9791157411405532
09 0.0608135230762119 0.1565024207264377
10 0.9391864769237881 0.1565024207264377
11 0.0608135230762119 0.8434975792735623
12 0.9391864769237881 0.8434975792735623
13 0.2556097991711321 0.0238108606413147
14 0.7443902008288679 0.0238108606413147
15 0.2556097991711321 0.9761891393586853
16 0.7443902008288679 0.9761891393586853
17 0.2707540857715647 0.2343890787647693
18 0.7292459142284353 0.2343890787647693
19 0.2707540857715647 0.7656109212352307
20 0.7292459142284353 0.7656109212352307
21 0.5000000000000000 0.0368638840918297
22 0.5000000000000000 0.9631361159081703
23 0.5000000000000000 0.0418638840917314
24 0.5000000000000000 0.9581361159082686
25 0.5000000000000000 0.0468638840920026
26 0.5000000000000000 0.9531361159079974
27 0.5000000000000000 0.2961568538296787
28 0.5000000000000000 0.7038431461703213
29 0.0220735596540274 0.5000000000000000
30 0.9779264403459726 0.5000000000000000
31 0.2235716838046811 0.5000000000000000
32 0.7764283161953189 0.5000000000000000
33 0.2572664701977679 0.5000000000000000
34 0.7427335298022321 0.5000000000000000
35 0.3662468679166530 0.5000000000000000
36 0.6337531320833470 0.5000000000000000
