P01 Friedman light five-generic-orbit improved candidate — n=38 fixed-decimal coordinates

Every decimal below is interpreted literally as an exact rational number.

01  0.0461558689812071  0.3039776931274721
02  0.9538441310187929  0.3039776931274721
03  0.0461558689812071  0.6960223068725279
04  0.9538441310187929  0.6960223068725279
05  0.0646146705712780  0.0180693586542279
06  0.9353853294287220  0.0180693586542279
07  0.0646146705712780  0.9819306413457721
08  0.9353853294287220  0.9819306413457721
09  0.0635576217461278  0.1471025004662508
10  0.9364423782538722  0.1471025004662508
11  0.0635576217461278  0.8528974995337492
12  0.9364423782538722  0.8528974995337492
13  0.2524208166450230  0.0295450843279887
14  0.7475791833549770  0.0295450843279887
15  0.2524208166450230  0.9704549156720113
16  0.7475791833549770  0.9704549156720113
17  0.2614948036079138  0.2493548780969544
18  0.7385051963920862  0.2493548780969544
19  0.2614948036079138  0.7506451219030456
20  0.7385051963920862  0.7506451219030456
21  0.5000000000000000  0.0307675397705959
22  0.5000000000000000  0.9692324602294041
23  0.5000000000000000  0.0318024994878889
24  0.5000000000000000  0.9681975005121111
25  0.5000000000000000  0.0332582144418367
26  0.5000000000000000  0.9667417855581633
27  0.5000000000000000  0.1579120227708492
28  0.5000000000000000  0.8420879772291508
29  0.5000000000000000  0.3418875561471934
30  0.5000000000000000  0.6581124438528066
31  0.0530505753859640  0.5000000000000000
32  0.9469494246140360  0.5000000000000000
33  0.0821559311953193  0.5000000000000000
34  0.9178440688046807  0.5000000000000000
35  0.2498852224542354  0.5000000000000000
36  0.7501147775457646  0.5000000000000000
37  0.3506003285102604  0.5000000000000000
38  0.6493996714897396  0.5000000000000000

Certified target: min_[0,1]^2 F >= 353.5348
No global-optimality, comprehensive-novelty, acceptance, or official-record claim.
